glass1: 0.7350242504409171
glass1: 0.7439131393298061
glass1: 0.7631216931216931
glass1: 0.7789241622574956
ecoli3: 0.8719867291178766
glass016v2: yeast1v7: glass4: glass5: yeast2v8: 