glass1: 0.7350242504409171
glass1: 0.7439131393298061
glass1: 0.7631216931216931
glass1: 0.7789241622574956
