glass1: 0.7640674603174604
pima: 0.7486802935010481
glass0: 0.8460063335679099
yeast1: 0.7479865275769737
vehicle1: 0.7272679922145039
glass0123vs456: 0.8873106060606061
ecoli1: 0.8131042609351432
newthyroid1: 0.9317460317460318
newthyroid2: 0.8837301587301587
ecoli2: 0.7967065390749601
glass6: 0.8502702702702702
glass016v2: yeast1v7: glass4: glass5: yeast2v8: yeast4: 0.6244516680658588
yeast6: 0.805401332946972
