glass1: 0.7311640211640211
glass1: 0.7846186067019401
