glass1: 0.7281481481481482
pima: 0.6959979035639413
glass0: 0.7692470091484869
yeast1: 0.6233369856263898
vehicle1: 0.6240837242860499
glass0123vs456: 0.8727272727272727
ecoli1: 0.8547417043740573
newthyroid1: 0.946031746031746
newthyroid2: 0.9059523809523811
ecoli2: 0.9160298473456369
glass6: 0.8406306306306307
glass016v2: yeast1v7: glass4: glass5: yeast2v8: yeast4: 0.7044263054019152
yeast6: 0.8223609524945881
