glass1: 0.7349823633156967
pima: 0.8198553459119496
glass0: 0.8262227304714991
yeast1: 0.7887350315415486
vehicle1: 0.7376977079767778
glass0123vs456: 0.9034375000000001
ecoli1: 0.9409162895927603
newthyroid1: 0.9992063492063492
newthyroid2: 0.9976190476190476
ecoli2: 0.9448234221918433
glass6: glass016v2: yeast1v7: glass4: glass5: yeast2v8: yeast4: 0.8461821991755473
yeast6: 0.9212835154345713
