glass1: 0.6938007054673722
glass1: 0.7755555555555554
