glass1: 0.6583597883597883
pima: 0.7162816212438855
glass0: 0.7889162561576354
yeast1: 0.6646606933305671
vehicle1: 0.6880533306486795
glass0123vs456: 0.8519507575757576
ecoli1: 0.8365346907993967
newthyroid1: 0.9
newthyroid2: 0.8
ecoli2: 0.814370585554796
glass6: glass016v2: yeast1v7: glass4: glass5: yeast2v8: yeast4: 0.7777373845666528
yeast6: 0.7545153152538906
