glass1: 0.5986243386243386
glass1: 0.5638359788359789
