glass1: 0.6982142857142857
pima: 0.698659678546471
glass0: 0.7954609429978887
yeast1: 0.7273835750546224
vehicle1: 0.6864455887781469
glass0123vs456: 0.8452083333333332
ecoli1: 0.893208898944193
newthyroid1: 0.9503968253968254
newthyroid2: 0.8281746031746031
ecoli2: 0.8429021417179312
glass6: 0.9135135135135135
yeast3: 0.8729528196306982
ecoli3: 0.8292232630757221
