glass1: 0.7016710758377426
glass1: 0.7642879188712521
pima: 0.7603805031446542
glass0: 0.8029556650246306
yeast1: 0.7704754248221939
vehicle1: 0.7667363502130943
glass0123vs456: 0.9451704545454547
