glass1: 0.7259171075837743
pima: 0.7935101327742837
glass0: 0.8362508796622097
yeast1: 0.7559271529619233
vehicle1: 0.7888245612268868
glass0123vs456: 0.9418844696969696
