newthyroid2: 0.965079365079365
ecoli2: 0.89427660059239
newthyroid1: 0.98015873015873
newthyroid2: 0.9765873015873016
ecoli2: 0.9264057871952609
glass6: 0.8918918918918919
yeast3: 0.9280166954168617
ecoli3: 0.8842232630757222
glass016v2: yeast1v7: 0.845515275877793
glass4: glass5: yeast2v8: yeast4: 0.8502323064961648
yeast6: 0.7938326486781325
