glass1: 0.8202006172839507
pima: 0.7930454227812718
glass0: 0.839039408866995
yeast1: 0.7613441951232163
vehicle1: 0.7852651565488775
glass0123vs456: 0.9643371212121213
ecoli1: 0.9204463612368023
ecoli1: 0.9136293363499245
newthyroid1: 0.9944444444444445
newthyroid2: ecoli2: 0.9134734563681931
glass6: yeast3: 0.9401884491354366
ecoli3: glass016v2: yeast1v7: glass4: glass5: yeast2v8: yeast4: yeast6: 