glass1: 0.8206018518518519
pima: 0.7647222222222222
glass1: 3.892449294532628
glass1: 0.8022883597883599
pima: 0.7788375262054508
glass0: 0.8102304714989443
yeast1: 0.7784807541444883
vehicle1: 0.7914326655256888
glass0123vs456: 0.9526136363636363
