glass1: pima: glass0: yeast1: vehicle1: glass1: pima: glass0: yeast1: vehicle1: glass1: 0.964049823633157
glass1: 0.717200176366843
glass1: 0.7784126984126984
pima: 0.7814528301886793
glass0: 0.8284834623504574
yeast1: 0.7556732645664901
vehicle1: 0.7696065404879358
glass0123vs456: 0.8684280303030304
glass0123vs456: 0.9113257575757576
