glass1: 0.6387037037037038
pima: 0.6896848357791755
glass0: 0.7609605911330048
yeast1: 0.6679384858759992
