glass1: 0.6944444444444444
pima: 0.7306481481481482
glass1: 3.704673721340388
glass1: 0.7916622574955909
pima: 0.7046034241788959
glass0: 0.7699243490499649
yeast1: 0.6980279562502837
vehicle1: 0.7190636464310882
glass0123vs456: 0.9729734848484849
