newthyroid2: 0.9230158730158731
ecoli2: 0.916786283891547
newthyroid1: 0.9646825396825397
newthyroid2: 0.9158730158730158
ecoli2: 0.9134626338573707
glass6: 0.865045045045045
yeast3: 0.8939648630386193
ecoli3: 0.8610694769711162
glass016v2: yeast1v7: 0.7493661650706794
glass4: glass5: yeast2v8: yeast4: 0.7773476966492489
yeast6: 0.8615156732064022
