glass1: 0.7580665784832452
glass1: 0.7531591710758377
pima: 0.7174227812718379
glass0: 0.8358990147783251
yeast1: 0.6520206689531318
vehicle1: 0.6752073660189939
glass0123vs456: 0.8767897727272727
