glass1: 0.7541093474426808
pima: 0.7286460517120894
glass0: 0.8257125263898664
yeast1: 0.6882164275387218
vehicle1: 0.6882284371958791
glass0123vs456: 0.9301136363636363
ecoli1: 0.9035897435897435
newthyroid1: newthyroid2: ecoli2: 0.9079989747095011
glass6: yeast3: 0.898415424344214
ecoli3: glass016v2: yeast1v7: glass4: glass5: yeast2v8: yeast4: yeast6: 