glass1: 0.7635251322751322
glass1: 0.776333774250441
pima: 0.7382253668763104
glass0: 0.8285626319493314
yeast1: 0.6899930628043127
vehicle1: 0.7091137387160643
glass0123vs456: 0.8753693181818182
