glass1: 0.7618584656084655
pima: 0.7144517819706498
glass0: 0.8090605207600282
yeast1: 0.683932287783404
vehicle1: 0.7080000067116347
glass0123vs456: 0.8582007575757575
