glass1: 0.751300705467372
pima: 0.7254147449336128
glass0: 0.8189567206192823
yeast1: 0.7023418546300919
vehicle1: 0.7155386724386725
glass0123vs456: 0.8588068181818181
