glass1: 0.6995414462081129
pima: 0.8246904262753321
glass0: 0.7853624208304011
