glass1: 0.7227821869488537
pima: 0.8316512928022363
glass0: 0.7860309641097818
yeast1: 0.7645149473875299
vehicle1: 0.7143051780261083
glass0123vs456: 0.9131628787878787
ecoli1: 0.9280986048265462
newthyroid1: 0.9976190476190476
newthyroid2: 0.984920634920635
ecoli2: 0.9398063340168603
glass6: 0.7972972972972973
yeast3: 0.958381185352669
ecoli3: 0.8858079625292741
glass016v2: yeast1v7: glass4: glass5: yeast2v8: yeast4: 0.799658102429721
yeast6: 