glass1: 0.694647266313933
pima: 0.8188923829489868
glass0: 0.7782019704433497
yeast1: 0.7714639427908274
vehicle1: 0.7118632907144534
glass0123vs456: 0.9135037878787878
