glass1: 0.7304100529100529
pima: 0.8252683438155136
glass0: 0.8119282195636875
yeast1: 0.7875102599179206
vehicle1: 0.7527274539414075
glass0123vs456: 0.9665151515151514
ecoli1: 0.9602328431372549
newthyroid1: newthyroid2: ecoli2: glass6: yeast3: 0.9692970225410191
ecoli3: glass016v2: yeast1v7: glass4: glass5: yeast2v8: yeast4: yeast6: 