glass1: 0.7228130511463846
pima: 0.8293361285814116
glass0: 0.7884236453201969
yeast1: 0.7781490005899858
vehicle1: 0.7386147119030839
glass0123vs456: 0.9157386363636363
