glass1: 0.6831305114638447
glass1: 0.6923324514991182
pima: 0.822653389238295
glass0: 0.7800140745953554
yeast1: 0.7671297514927937
vehicle1: 0.7372686398872446
glass0123vs456: 0.9389393939393941
