glass1: 0.75
glass1: 3.5067239858906527
glass1: 0.7128350970017637
pima: 0.8296415094339624
glass0: 0.7970267417311752
yeast1: 0.7830915255995489
vehicle1: 0.7396510352696398
glass0123vs456: 0.9499621212121212
