newthyroid2: 0.9992063492063492
ecoli2: 0.9511449077238552
newthyroid1: 1.0
newthyroid2: 1.0
ecoli2: 0.9551116427432216
glass6: 0.8962162162162162
yeast3: 0.969890405448135
ecoli3: 0.9034426229508197
glass016v2: yeast1v7: 0.740173278613771
glass4: glass5: yeast2v8: yeast4: 0.8870109712903504
yeast6: 0.9222782825097585
