glass1: 0.5383862433862434
pima: 0.7246722571628231
glass0: 0.7591133004926108
yeast1: 0.7098916630467904
