glass1: 0.5383862433862434
pima: 0.7246722571628231
glass0: 0.7591133004926108
yeast1: 0.7098916630467904
glass1: 0.641170634920635
pima: 0.7473060796645703
glass0: 0.741871921182266
yeast1: 0.709112557620866
vehicle1: 0.6686923453807175
glass0123vs456: 0.7736363636363637
ecoli1: 0.5
newthyroid1: 0.9658730158730158
newthyroid2: 0.5
ecoli2: 0.5
glass6: 0.5
yeast3: 0.5
ecoli3: 0.8803747072599533
glass016v2: yeast1v7: glass4: glass5: yeast2v8: yeast4: 0.5
yeast6: 0.5
