newthyroid2: 0.9706349206349207
ecoli2: 0.9084335839598998
newthyroid1: 0.9853174603174603
newthyroid2: 0.9714285714285713
ecoli2: 0.9117925495557074
glass6: 0.9173873873873873
yeast3: 0.9159841013046416
ecoli3: 0.8975175644028104
glass016v2: yeast1v7: glass4: glass5: yeast2v8: yeast4: 0.8626716963745789
yeast6: 0.8382076806381782
