glass1: 0.5393518518518519
glass1: 3.1645061728395065
glass1: 0.622634479717813
pima: 0.7425181691125088
glass0: 0.7766449683321605
yeast1: 0.7140024377435312
vehicle1: 0.7888825195476359
glass0123vs456: 0.9130965909090909
