glass1: 0.6631349206349206
pima: 0.7497260656883298
glass0: 0.7704169598874032
yeast1: 0.7124796908733735
vehicle1: 0.7524883653813886
glass0123vs456: 0.844659090909091
