glass1: 0.5773059964726631
pima: 0.748100279524808
glass0: 0.7601688951442647
yeast1: 0.7151448706893757
vehicle1: 0.7169212993724622
glass0123vs456: 0.8418749999999999
