glass1: 0.5
glass1: 0.5
pima: 0.7469381551362684
glass0: 0.7491379310344828
yeast1: 0.5
vehicle1: 0.6070916809288902
glass0123vs456: 0.6596590909090909
