glass1: 0.576926807760141
pima: 0.7626554856743536
glass0: 0.8060256861365236
yeast1: 0.727093379840639
vehicle1: 0.7721370683579986
glass0123vs456: 0.8982954545454545
ecoli1: 0.9080623114630468
newthyroid1: newthyroid2: ecoli2: 0.8983373205741627
glass6: yeast3: 0.8991269713645892
ecoli3: glass016v2: yeast1v7: glass4: glass5: yeast2v8: yeast4: yeast6: 