glass1: 0.5972089947089947
pima: 0.7487795248078266
glass0: 0.7856175228712174
yeast1: 0.708408529509015
vehicle1: 0.6892484512903118
glass0123vs456: 0.7733238636363635
